001
002
003
004
006
007
009
010
011
012
013
014
015
016
017
018
019
020
021
022
023
024
025
026
027
028
029
030
031
032
033
034
035
036
039
040
041
042
043
044
046
047
049
050
051
052
053
054
055
056
057
058
059
060
061
062
063
064
065
066
067
068
069
070
071
072
073
074
075
076
077
078
080
081
082
083
084
085
086
087
088
089
090
093
094
095
096
097
099
100
101
102
103
104
105
106
107
108
109
110
111
112
114
115
116
117
122
123
124
125
126
127
129
130
131
132
133
134
137
138
139
140
141
142
143
144
146
147
148
149
151
152
154
155
156
161
162
164
166
167
168
169
172
177
182
183
184
185
186
189
190
191
192
198
199
202
203
204
205
206
210
213
214
216
217
218
219
221
225
228
229
230
231
232
233
234
235
236
237
240
247
250
251
257
258
259
261
262
263
264
266
267
271
281
282
283
284
285
286
287
288
289
290
291
292
293
294
297
298
299
300
303
304
305
307
312
316
317
318
321
322
324
325
327
338
339
345
346
348
353
354
355
360
364
413
414
415
417
420
437
446
451
461
462
463
492
513
516
518
549
550
582
591
594
598
599
612
613
614
615
616
622
623
629
631
650
654
715
720
746
753
824